function ECOC=My_structure2(A,B)

ECOC=[-1 1 1 0 0 0;1 0 0 -1 1 0;1 0 0 -1 -1 0;1 0 0 1 0 1;-1 1 -1 0 0 0;-1 -1 0 0 0 0;1 0 0 1 0 -1;]
end